183
32 54   14.1667 28.5 954.93
32 55   14.2778 29.1667 954.93
32 56   14.1667 36.5 954.93
32 57   14.2778 35.8333 954.93
32 69   17.1667 30.5 954.93
32 73   10.7222 35.8333 954.93
32 80   10.7222 29.1667 954.93
32 151   17.1667 34.7083 954.93
32 152   16.8333 34.25 954.93
32 153   16.1667 34.2917 954.93
32 154   17 33.8125 954.93
32 155   16.6667 33.4375 954.93
32 156   17.3333 33.7083 954.93
32 157   17 31.0625 954.93
32 158   17.3333 31.25 954.93
32 159   15.8333 33.9167 954.93
32 160   16 33.6042 954.93
32 161   16.3333 33.3958 954.93
32 163   16.1667 33.1042 954.93
32 164   16 31.0208 954.93
32 165   16.5 31.625 954.93
32 166   16.5 31.25 954.93
32 168   16.1667 31.8125 954.93
32 170   16.8333 33.1458 954.93
32 172   16.8333 31.8125 954.93
32 241   16.8333 30.0833 954.93
32 242   16.8889 29.3333 954.93
32 280   12.3889 27.8333 954.93
32 281   13.2778 28.5 954.93
32 282   11.0556 28.1667 954.93
32 283   11.2778 28.8333 954.93
32 284   12.7222 29.1667 954.93
32 285   12.0556 29.1667 954.93
32 445   17.25 33.4063 954.93
32 446   17.0833 33.2188 954.93
32 448   17.4167 33.3542 954.93
32 449   17.4167 33.1667 954.93
32 450   17.25 31.5313 954.93
32 451   17.0833 31.7188 954.93
32 453   17.4167 31.8125 954.93
32 454   17.4167 31.625 954.93
32 455   15.6667 31.1875 954.93
32 456   15.9167 31.7188 954.93
32 457   15.5833 31.6979 954.93
32 458   15.75 31.5104 954.93
32 460   15.6667 31.9063 954.93
32 461   15.8333 31.9063 954.93
32 462   15.6667 33.4167 954.93
32 463   15.9167 33.1563 954.93
32 464   15.75 33.2604 954.93
32 465   15.5833 33.1563 954.93
32 467   15.8333 33.0521 954.93
32 468   15.6667 33.0521 954.93
32 470   17.3333 33.0729 954.93
32 471   17.1667 33.0729 954.93
32 473   17.1667 31.9063 954.93
32 474   17.3333 31.9063 954.93
32 475   16.0833 28.2292 954.93
32 476   8.08333 28.8854 954.93
32 477   8.08333 36.1146 954.93
32 478   8.91667 36.9271 954.93
32 479   8.91667 28.0729 954.93
32 480   16.0833 36.7708 954.93
32 481   16.8611 35.1875 954.93
32 486   8.61111 27.7708 954.93
32 487   8.05556 27.7708 954.93
32 488   8.05556 37.2292 954.93
32 489   8.61111 37.2292 954.93
32 495   13.2778 36.5 954.93
32 496   12.3889 37.1667 954.93
32 497   11.2778 36.1667 954.93
32 498   11.0556 36.8333 954.93
32 500   12.7222 35.8333 954.93
32 501   12.0556 35.8333 954.93
32 504   16.3889 37.125 954.93
32 505   16.9444 37.125 954.93
32 507   16.9444 27.875 954.93
32 508   16.3889 27.875 954.93
32 527   15.6667 30.1458 954.93
32 528   16 30.6042 954.93
32 529   16.3333 30.2292 954.93
32 539   17.2222 29 954.93
32 540   17.2222 28.25 954.93
32 542   17.2222 36.75 954.93
32 544   17.1944 35.7292 954.93
32 545   16.9167 36.1042 954.93
32 591   7.77778 28.0417 954.93
32 592   7.77778 28.5833 954.93
32 594   7.77778 36.4167 954.93
32 595   7.77778 36.9583 954.93
32 778   7.83333 30.2708 954.93
32 780   7.83333 34.7292 954.93
32 1019   16.4306 29.1146 954.93
32 1020   16.1806 28.7604 954.93
32 1025   8.52778 28.7813 954.93
32 1026   8.80556 28.5104 954.93
32 1027   8.52778 36.2188 954.93
32 1028   8.80556 36.4896 954.93
32 1029   16.4722 35.9792 954.93
32 1030   16.1944 36.2708 954.93
32 1031   15.8056 35.9792 954.93
32 1066   8.63889 29.7188 954.93
32 1067   9.33333 29.8125 954.93
32 1068   9.11111 29.375 954.93
32 1069   8.75 29.2813 954.93
32 1070   8.63889 35.2813 954.93
32 1071   9.33333 35.1875 954.93
32 1072   8.75 35.7188 954.93
32 1073   9.11111 35.625 954.93
32 1074   10.1667 29 954.93
32 1075   9.94444 29.3333 954.93
32 1076   9.75 28.6354 954.93
32 1077   9.30556 28.7396 954.93
32 1078   9.38889 29.1042 954.93
32 1079   9.94444 35.6667 954.93
32 1080   10.1667 36 954.93
32 1081   9.75 36.3646 954.93
32 1082   9.38889 35.8958 954.93
32 1083   9.30556 36.2604 954.93
32 1095   14.8333 36 954.93
32 1096   15.0556 35.6667 954.93
32 1097   15.25 36.3125 954.93
32 1098   15.4722 35.9792 954.93
32 1099   15.0556 29.3333 954.93
32 1100   14.8333 29 954.93
32 1101   15.25 28.6875 954.93
32 1102   15.5972 29.1979 954.93
32 1103   15.6806 28.8854 954.93
32 1145   15.6667 34.9583 954.93
32 1146   16 34.7083 954.93
32 1147   16.3611 35.1458 954.93
32 1148   15.8889 35.5417 954.93
32 1149   16.25 35.5625 954.93
32 1276   15.8333 29.75 954.93
32 1277   16.1667 29.7917 954.93
32 1278   15.875 29.3854 954.93
32 1279   16.2083 29.4271 954.93
32 1365   10.3333 27.8333 954.93
32 1368   9.47222 27.8021 954.93
32 1369   9.80556 28.1354 954.93
32 1370   10.3333 37.1667 954.93
32 1373   9.80556 36.8646 954.93
32 1374   9.47222 37.1979 954.93
32 1424   8.5 32.7917 954.93
32 1426   7.83333 33.0833 954.93
32 1437   8.5 32.2083 954.93
32 1439   7.83333 31.9167 954.93
32 1679   14.6667 27.8333 954.93
32 1682   15.1944 28.1875 954.93
32 1683   15.5278 27.8542 954.93
32 1695   14.6667 37.1667 954.93
32 1698   15.5278 37.1458 954.93
32 1699   15.1944 36.8125 954.93
32 1708   9.16667 31.9167 954.93
32 1777   9.16667 33.0833 954.93
32 1822   8.16667 30.5833 954.93
32 1823   9.16667 31.0833 954.93
32 1824   8.83333 31.375 954.93
32 1825   7.83333 31.0833 954.93
32 1826   8.16667 31.375 954.93
32 1827   9.33333 30.4375 954.93
32 1828   9 30.6875 954.93
32 1829   8.66667 30.4792 954.93
32 1830   9.16667 30.125 954.93
32 1831   8.83333 30.125 954.93
32 1832   8.16667 34.4167 954.93
32 1833   7.83333 33.9167 954.93
32 1834   8.16667 33.625 954.93
32 1835   9.16667 33.9167 954.93
32 1836   8.83333 33.625 954.93
32 1837   9.33333 34.5625 954.93
32 1838   8.66667 34.5208 954.93
32 1839   9 34.3125 954.93
32 1840   9.16667 34.875 954.93
32 1841   8.83333 34.875 954.93
32 1870   7.95833 35.6927 954.93
32 1871   7.65278 35.4531 954.93
32 1872   8.29167 35.3594 954.93
32 1873   7.98611 35.1198 954.93
32 1874   8.29167 29.6406 954.93
32 1875   7.98611 29.8802 954.93
32 1876   7.95833 29.3073 954.93
32 1877   7.65278 29.5469 954.93
end
